1 0.005313235426418694 0.05499854653494322 0.9938453481608966 -0.09601225623478038 -4.689713324969366e-09 -1.5003145165444264e-08 4.031129264872019 1 000001.png

2 0.3072935033785816 0.854438882862948 0.394213585268662 -0.14177639938601236 1.0668002261211505e-08 -8.293548490769303e-08 4.03112893887621 1 000002.png

3 0.31187010675263827 0.9402790949788639 -0.12948993699642797 0.04294899622212482 2.7483003117651646e-10 9.234615353552868e-09 4.031128807379101 1 000003.png

4 0.03876429465130461 0.13176507826014056 0.9502540974105433 -0.27955758613523596 -3.828766948899488e-09 3.699224399557241e-08 4.031128910519911 1 000004.png

5 0.3458536467305178 0.5510446751204059 0.6432337198870224 -0.4037145063840937 7.58040677865148e-09 1.9793098312102993e-08 4.031129015497104 1 000005.png

6 0.1864957520336712 0.9580106737207799 0.21378239083019507 -0.04161697828265188 6.208595656613389e-09 2.8610041075232152e-08 4.031128477157089 1 000006.png

7 0.6245568454258886 0.7789672356165234 0.04371023653738382 -0.035045797029895805 -1.2999496170051842e-08 8.886356542576103e-09 4.031128839500007 1 000007.png

8 0.15212820483883263 0.8364504569387906 0.5180074978702897 -0.09421185981374305 1.3360068704164024e-08 -1.2128442334320375e-08 4.031129150627905 1 000008.png

9 0.04053651599461545 0.04735070245431712 0.7581740682153838 -0.649066086106673 5.1268328247212635e-09 3.400995343098411e-08 4.031128841179778 1 000009.png

10 0.1285484583389747 0.7286542405529699 0.6624792642590325 -0.11687393212200373 -6.269548822155967e-09 -7.552058586460592e-08 4.031128898177647 1 000010.png

11 0.21505826042794585 0.40628804986886163 -0.7848996137275797 0.4154666792003409 -9.30464348953555e-08 -3.553143055053675e-08 4.031129003044017 1 000011.png

12 0.30262566410135233 0.7005259448474888 -0.5932888693008301 0.25629948417133214 -1.0104677065043493e-08 3.3316673604679223e-08 4.031128864624619 1 000012.png

13 0.3762558212094394 0.6405040433770749 0.5772378136986211 -0.3390908932131103 7.893314357483741e-10 -5.8935603167215926e-08 4.0311293201587075 1 000013.png

14 0.030512910187176397 0.7550298004667115 0.6544459217892513 -0.026448027762463345 -1.6485943883887094e-09 -1.5221498831340912e-08 4.031128832177713 1 000014.png

15 0.33873239192422305 0.8466776167059258 -0.3810024976484926 0.15242859579514062 -2.5960751633744105e-08 2.6268531475535207e-08 4.031128826805177 1 000015.png

16 0.2514110361861065 0.31832067575054973 -0.7172968857691722 0.566524153006197 -1.1987222238667237e-08 5.806132321223978e-08 4.031128307034852 1 000016.png

17 0.4626446975113449 0.5475734470623513 0.532581470067262 -0.44997797910329335 -3.335237123370627e-09 1.7812844028055077e-08 4.031128938466916 1 000017.png

18 0.38420378200358923 0.8527979234673276 -0.3225087598698615 0.14529712808984327 4.752047539212253e-09 3.801518718890959e-08 4.031129025382836 1 000018.png

19 0.421875874033076 0.6825856925903533 0.5076116763684877 -0.3137322189290575 4.9033424271156895e-08 -1.768768017023153e-08 4.03112926570914 1 000019.png

20 0.1550902620164609 0.2576581451085391 0.8171041228474412 -0.49183345078655033 1.109637675680145e-07 1.926483839222476e-08 4.031129264103895 1 000020.png

21 0.3166740276770262 0.7128775571509703 0.5718361849723491 -0.25402072014216553 3.830404217166255e-08 4.887858872455515e-08 4.0311289124050775 1 000021.png

22 0.4566392613581921 0.8696859890528255 -0.1659384664184208 0.08712801383112262 2.565464634463697e-08 1.21539346675837e-07 4.031128940842588 1 000022.png

23 0.09032882441453859 0.18877825830071082 -0.882078634507229 0.42206724016286795 -5.6313510901655905e-08 5.589807622537638e-08 4.031128876473746 1 000023.png

24 0.37997601595860286 0.7630307877590821 -0.46805412059359464 0.23308278448512443 -1.2394552060717504e-08 1.1713461902941987e-07 4.031129356466704 1 000024.png

25 0.40182970054614203 0.6558409783418164 0.5449194116573701 -0.33386874319952864 -2.6682204748783438e-08 -1.4170490118650406e-08 4.031128957471485 1 000025.png

26 0.3141715879254903 0.625444168606917 -0.6382285441255374 0.3205934041108377 -1.2580124065200535e-09 5.522781122425081e-08 4.031128844785537 1 000026.png

27 0.0012130214540989044 0.005965949802331886 -0.9799310854286409 0.19924357915013013 -8.396662715573911e-10 7.028854698808391e-08 4.031129021803728 1 000027.png

28 0.5524770768565844 0.8296465195143875 -0.06687629912176418 0.04453417588148665 3.4833574119059715e-08 5.8260073300196577e-08 4.031128888415248 1 000028.png

29 0.012222586133036778 0.3123695658157176 0.9491557020078059 -0.037139144933483574 3.2518145197048057e-09 -6.459345504267082e-09 4.031128447049995 1 000029.png

30 0.26715420700654774 0.3950887992154511 0.7281060161742899 -0.49233636837430644 -5.003232304514899e-08 -2.366723702019767e-08 4.031129078838604 1 000030.png

31 0.10405653337772221 0.8327004834364148 0.5396613007917739 -0.06743755017720454 -2.0436930364029926e-09 -1.572009575914542e-08 4.0311288862691415 1 000031.png

32 0.1586389996945179 0.7026416245885091 0.6766038012553923 -0.15276030668435 8.95487247930336e-10 -3.061106454276975e-08 4.031128962705752 1 000032.png

33 0.38590504680469134 0.45699863912880034 0.6122909000698291 -0.5170390627184488 -7.495336656401798e-08 -8.359312454604312e-09 4.03112868787929 1 000033.png

34 0.021811798220089572 0.23515208645235455 0.9675604314764302 -0.08974716227633935 3.5651794756989367e-09 -4.4777253287583424e-09 4.031129006708119 1 000034.png

35 0.0808215795337661 0.10433075412069161 -0.7836278459452778 0.6070505457418183 8.995822914066462e-09 3.210920488522055e-08 4.031128848210412 1 000035.png

36 0.5817743666432492 0.8054862099072458 0.09146688274201553 -0.06606331302292598 -1.8204628094573413e-08 -1.51617673953082e-08 4.031129241372807 1 000036.png

37 0.115895596302484 0.17601070992121853 0.8164442238455614 -0.537593963972754 -7.144872825177839e-08 1.860353582630911e-08 4.031129025867486 1 000037.png

38 0.21000119313979365 0.4065845073468258 0.7899977546589341 -0.40803441631710974 -7.699969602027111e-08 -4.2617804434333854e-08 4.031128373353965 1 000038.png

39 0.12364130025697388 0.5675999237599985 -0.795317051963841 0.17324532395985132 5.137528953888885e-08 1.6942532974362303e-08 4.031129243623582 1 000039.png

40 0.5419382317080149 0.7598561339916314 -0.29232476943230656 0.20848941897571358 7.164931168959626e-08 -6.063542560108818e-08 4.031128466762242 1 000040.png

41 0.03619414620730494 0.061511318018826075 0.8596689208519064 -0.5058415641851013 -8.345106736903295e-09 -6.033051989112758e-08 4.031129185695822 1 000041.png

42 0.16438681209943115 0.9521916817443481 0.25374964861878724 -0.04380745428004668 -2.3597823086007077e-08 4.757301482233792e-08 4.031129018929522 1 000042.png

43 0.2402360465756306 0.8365894811794667 -0.4732212753355951 0.13589078878031102 -4.414310909198556e-08 8.483501821171013e-08 4.0311292960766245 1 000043.png

44 0.3949817043535272 0.6137015286520291 0.5748651578974747 -0.3699864013604519 4.239226655866108e-09 -7.3570772288119844e-09 4.031128330126631 1 000044.png

45 0.5882725114556377 0.7350521590217063 0.2631875107550139 -0.2106326422133665 -6.453691778010287e-10 1.3084284114937935e-08 4.031128965545586 1 000045.png

46 0.30014391426273207 0.9535996402899426 -0.022599950682663628 0.0071132973422329765 5.40879494795044e-09 1.0323093219329575e-07 4.031128895004004 1 000046.png

47 0.5268540815155219 0.6578769398556352 -0.42006493918459475 0.33640474976501683 -3.661200329587819e-08 5.28986345215707e-09 4.031128901120052 1 000047.png

48 0.1617354324688093 0.399626430340354 0.8363947793303583 -0.3385027904855064 -2.0926645318910286e-08 -4.385629711245147e-08 4.031128860284156 1 000048.png

49 0.018407340443463805 0.09758302944716132 0.9778128098092951 -0.18444736689517724 -3.0165972991834425e-09 -1.9830707762414094e-08 4.031128704299778 1 000049.png

50 0.14262580127220076 0.28869824247006404 -0.8488044368180123 0.41933546671396127 3.523865678773458e-08 7.557433743199725e-08 4.0311284799370455 1 000050.png

51 0.5403352373857669 0.7517454393891393 -0.30697332512429143 0.22064451785401967 3.887511102695044e-08 5.099664776906702e-08 4.031128922489868 1 000051.png

52 0.36772174460090545 0.8724641426679589 0.2965829886374235 -0.12500227660816332 -7.740620116446189e-08 -3.129212899915514e-08 4.031128851233997 1 000052.png

53 0.19445269992968667 0.4936597885058677 0.7886589357146245 -0.3106529314522444 6.28456675398575e-08 -7.49925983689452e-08 4.0311289388501095 1 000053.png

54 0.4770777917905668 0.8289996214318648 0.25292373224667186 -0.14555409273694483 -1.0038915241591103e-07 -3.48293623339627e-08 4.031128863441749 1 000054.png

55 0.023564993109064774 0.0322669459625747 -0.8069214341082852 0.5893058072636366 8.065298602508868e-10 -2.9614092770696048e-08 4.031128887554475 1 000055.png

56 0.26097535770693364 0.9653322851106231 0.0048692034731361855 -0.001316377748999949 -2.9131646915951287e-10 -3.2893776734140745e-09 4.0311289919172255 1 000056.png

57 0.380575615179308 0.8325409176666178 0.3661015598624786 -0.16735432294379798 -8.149381091343338e-08 -8.713768434380807e-08 4.031128889611386 1 000057.png

58 0.29200231601882476 0.6501944256685126 0.6398499988854236 -0.2873566341596433 2.4704045100278906e-09 1.0683186394899845e-07 4.031128947788388 1 000058.png

59 0.005013793817336531 0.1435228656040118 0.9890309936365036 -0.034550579543054454 4.666010238195696e-09 8.563695023438542e-09 4.03112894903013 1 000059.png

60 0.5234615945952656 0.7824712455731894 -0.28029528443349416 0.1875133658150002 6.81395019349923e-08 1.223234217452801e-08 4.031129047143044 1 000060.png

61 0.07549196903055957 0.2700593366601037 -0.9244402567763143 0.2584165802458048 4.012120910786371e-08 -3.853045743737058e-09 4.031128908263249 1 000061.png

62 0.03738135354267985 0.15807471340048165 -0.9602352591560667 0.22707546424956268 2.6686051667459423e-08 3.294314628154681e-08 4.0311290034642235 1 000062.png

63 0.35916471294755514 0.9204720186418379 0.1435135686251347 -0.055998459721667435 2.937501395567434e-08 -5.4252651284829295e-08 4.031129318343976 1 000063.png

64 0.10411428598857844 0.37860574518563356 0.8867652506897082 -0.24385507034863518 -1.3592405159245748e-08 -4.659814309701299e-09 4.031129061609936 1 000064.png

65 0.17920819668511007 0.2892911427866279 0.7993659341419478 -0.4951859855442695 2.4840911482123962e-08 1.7519281598777457e-08 4.031128983954825 1 000065.png

66 0.0696855178354485 0.1144087719801924 0.8463501871767226 -0.5155055015845286 -2.400898082558606e-08 3.4239499359009366e-08 4.031128952044031 1 000066.png

67 0.24005724238120185 0.3052593225819512 0.7243609981770412 -0.5696405978133069 1.010780146159254e-07 3.610530644323183e-08 4.031128409304159 1 000067.png

68 0.20460058931157266 0.7309125774569792 0.6269790233188167 -0.1755070006772823 9.73090129903762e-09 1.0591615353564587e-07 4.031128995939147 1 000068.png

69 0.5709604747437564 0.6987681308747052 0.33372283834724814 -0.2726835211737435 -2.6712461134749107e-08 -1.733210164085709e-08 4.031128861118641 1 000069.png

70 0.25406367151592946 0.30743905805094535 -0.7068861772360547 0.5841616290318892 8.17478083720157e-08 -1.868346711161644e-08 4.031128925496279 1 000070.png

71 0.02681817624793359 0.04642665341067532 0.8646689528676333 -0.499472675151114 -1.726465763163999e-08 -2.841520618172172e-08 4.031129018411045 1 000071.png

72 0.11277350156133797 0.5342355678660938 -0.8197151540380508 0.17303630143054322 5.558309947827341e-09 -2.7621473870232354e-08 4.031128521340416 1 000072.png

73 0.5310838068226233 0.8398109389181034 0.09512542405882862 -0.06015588667712994 7.142790506088672e-09 -3.5381543810667006e-08 4.031129020283353 1 000073.png

74 0.07264284653984006 0.2464532004219881 -0.9269984374481856 0.2732356744954273 3.979161418776155e-08 1.533153445503878e-08 4.031128930323678 1 000074.png

75 0.22907282671452206 0.820266359150773 0.5047927622756953 -0.14097165410332332 -7.867810153924963e-09 -7.285378662135837e-08 4.031128906520723 1 000075.png

76 0.2852976360000612 0.598819935852406 -0.6755873378074907 0.32187216765772736 -2.0578715104712807e-08 -9.581977319236497e-08 4.031129289966786 1 000076.png

77 0.27228243035067995 0.910331911319515 -0.29862997566634997 0.08932092134097855 -3.0209415833491954e-08 -5.602425352920356e-08 4.031128857724352 1 000077.png

78 0.06374578207307091 0.11859082998391318 0.8727945486993028 -0.46915068589143083 -2.3144844888779647e-08 -5.280948520522177e-08 4.031128958729651 1 000078.png

79 0.07419639730676657 0.349859813569441 0.913541567986097 -0.1937390230112542 -4.430971464941185e-09 -7.700232438858829e-08 4.0311288986974345 1 000079.png

80 0.09100337695167961 0.10451398203513389 -0.7468937265601125 0.650342197744924 5.1675561688746975e-08 1.4995604241492604e-08 4.031128925617928 1 000080.png

81 0.3492666315750081 0.7733378467123162 0.4822147056988132 -0.2177851521991637 1.3398042889749099e-08 -3.85981443540064e-08 4.031128807668243 1 000081.png

82 0.5957992948414821 0.6924567038801537 -0.3084045425155113 0.2653555193954397 -1.1303148078620142e-07 8.088479375806314e-09 4.03112896189267 1 000082.png

83 0.54393133645354 0.8028666574166728 0.20201914627279804 -0.13686524822486734 5.418413110011284e-09 2.2615286793318143e-09 4.031128969414542 1 000083.png

84 0.19911477531036334 0.959848925133105 -0.19347484510563678 0.04013516519558084 1.4125919796462618e-08 6.934890896819727e-08 4.031128984316306 1 000084.png

85 0.08546379314760436 0.11734600330799363 0.7997757357638414 -0.582481440092189 -4.2883034919958795e-09 2.8670501479255578e-08 4.031129194079367 1 000085.png

86 0.16895345929221894 0.8580850204396755 0.47578246280056324 -0.09367963696377678 -1.533978811495515e-08 -3.830601398563517e-09 4.031128781184737 1 000086.png

87 0.2513037102122451 0.6261232521023272 0.6850012573718557 -0.27493525748681685 5.412496606513744e-09 -6.999443477283476e-08 4.031128841433509 1 000087.png

88 0.07388940214155842 0.10626818395148709 -0.8141303423114837 0.5660735067626838 -8.861358172352948e-10 8.185625277665802e-08 4.031128534647561 1 000088.png

89 0.32565485439686215 0.7808703716353964 -0.4920223871691325 0.20519344296089242 2.7635449871363837e-09 5.543129383267264e-08 4.031129009187218 1 000089.png

90 0.44106455919024057 0.696199285862862 -0.47843245170442583 0.30310228990631394 1.8091566419325406e-08 8.68099129480553e-09 4.031128525282138 1 000090.png

91 0.3428180293532229 0.9364333395405886 -0.07007362692894747 0.025653189982070893 -2.165128499808912e-08 -1.288222143024175e-07 4.031128901123018 1 000091.png

92 0.38168372315082666 0.5556139916254704 -0.6088362492762305 0.4182452024339146 -1.8638893653233127e-08 -2.2629632680931864e-08 4.031129038868295 1 000092.png

93 0.37475633580028156 0.9261884857726729 0.03858533468959374 -0.015612480474351547 1.2789747740235946e-09 -2.5193823449785124e-09 4.031128909279219 1 000093.png

94 0.19799266888452025 0.3584892606955455 -0.7985925049232421 0.4410604993811704 -5.528108579965218e-08 -4.308915889446403e-08 4.031128892992924 1 000094.png

95 0.1018193468787105 0.15751350774571682 -0.8249124293530724 0.5332370949002375 1.5671362592012564e-08 1.365931147482292e-09 4.031129035417781 1 000095.png

96 0.20952824952613172 0.3191708722007246 0.7726322942236784 -0.5072151465717468 -8.174167265388107e-08 3.602427849539344e-08 4.031128940930956 1 000096.png

97 0.22377031765183036 0.5626121324467496 0.7395144877335378 -0.2941305080978907 2.0641699397966827e-08 7.747942456288106e-09 4.031129010003492 1 000097.png

98 0.6143364142080086 0.7457191012654635 -0.199024809933238 0.16396010861460797 -2.608706605471251e-08 -2.74167537474548e-08 4.031129025057084 1 000098.png

99 0.29551021437182623 0.7221917065495552 0.5788088139684441 -0.23684004953850535 7.773450780671922e-10 1.0572874643853696e-07 4.0311283918012455 1 000099.png

100 0.33021547609053636 0.44466527638124925 0.6684454818082041 -0.4963981961906045 -5.0459345642850636e-08 5.6215190536991306e-09 4.03112914819078 1 000100.png

